223.19
222.13
217.9
223.85
221.53
223.75
220.73
218.27
214.1
215.24
212.69
214
213.49
209.68
216.98
220.84
227.48
239.07
235.33
235.74
235.93
238.03
241.84
237.3
240.36
247.04
247.1
245.55
245.83
244.87
244.47
244.6
241.53
236.87
232.62
227.65
227.63
233.22
232.47
232.8
228.01
236
237.59
239.36
238.26
229.86
222.78
223.66
223.83
222.64
229.98
228.26
237.87
233.28
234.4
236.85
242.7
242.21
245
243.36
243.85
250.42
252.2
255.59
259.02
258.2
255.27
254.49
249.79
248.05
253.48
251.04
248.13
247.96
246.49
247.77
246.75
242.84
243.04
243.01
242.65
239.59
237.33
234.93
235.06
232.87
229.87
228.52
229
228.28
228.02
225
228.22
225.12
224.23
224.23
226.96
227.48
222.72
223.45
222.01
222.91
225.91
230.1
233.67
233.4
231.41
230.57
230.76
235.86
236.48
235
232.15
231.78
233.85
231.3
227.55
229.04
229.54
225.77
221.69
226.8
225.67
226.78
226.21
233
227.79
227.52
226.37
227.37
226.47
228.2
228.87
220.69
216.79
216.32
222.5
222.77
222.66
220.11
220.91
220.82
222.38
220.85
222.77
229
229.79
226.49
228.03
227.18
226.84
224.53
226.4
226.51
225.89
226.05
224.72
221.72
221.27
217.53
216.24
213.31
209.82
207.23
209.27
219.86
218.36
222.08
218.8
218.24
217.96
217.49
218.54
225.01
223.96
224.31
224.18
228.88
234.82
234.4
230.54
227.57
232.98
228.68
227.82
226.34
221.55
220.27
216.75
210.62
214.1
213.25
209.07
208.14
207.49
209.68
214.29
216.67
212.49
214.24
213.07
207.15
193.12
196.89
194.48
195.87
194.35
194.03
192.25
191.29
190.29
189.99
189.98
186.88
190.9
192.35
191.04
189.87
189.84
189.72
187.43
186.28
183.05
184.57
182.74
182.4
181.71
183.38
173.03
169.3
170.33
173.5
169.3
169.89
169.02
166.9
165.84
165
167.04
168
169.38
172.69
176.55
175.04
167.78
169.67
168.45
169.58
168.82
169.65
168.84
170.03
