383.2
383.53
385.71
396.15
397.81
403.64
394.47
387.26
389.61
387.89
391.37
399.34
394.74
377.84
438.6
433.66
435.08
449.4
444.78
451.24
446.03
440.72
438.56
437.19
441.5
443.41
444.42
444.32
454.69
456.99
464.11
460.16
459.22
462.76
458.82
451.1
433.07
435.4
437.63
440.23
438.6
437.45
446
441.68
442.84
438.6
435.38
437.28
437.32
436.36
429.99
426.93
417.28
412.71
408.5
405.92
419.58
422.63
431.18
430.57
441
444.68
445.8
446.48
450.16
447.94
446.74
447.17
437.39
441.31
455.23
461.53
465.69
474.63
549.93
547.05
547.93
552.96
538.22
536.49
516.26
516.2
515.93
513.68
525.3
518.73
512.15
504.44
499.5
499.61
499.51
503.37
529.87
532.5
526.42
504.48
494.68
500.92
504.83
486.42
481.35
482.8
478.08
486.68
485.39
481.04
483.72
482.87
485.03
493.11
497.71
494.9
496.83
502.54
508.03
509.65
495.42
503.57
494.08
496.24
487.3
507.22
503.8
505.81
502.8
517.78
515.48
515.38
517.9
524.07
527.87
522.3
526.44
508.13
515.03
521.5
536.87
586.55
580.38
574.48
569.88
563.41
567.93
575.25
571.04
574.41
569.63
560.54
567.82
559.44
558.3
557.44
565.79
562.25
563.12
553.46
554.16
539.79
535.22
530.93
536.3
530.24
513.62
514.2
509.32
526.17
546.41
551.65
538.71
536.61
542.44
532.15
531.04
546.01
554.82
551
556.85
563.09
566.54
565.71
559.05
557.63
564.55
566.02
575.4
578.34
570.15
567.71
560.01
555.54
546.76
528.66
526.88
524.17
533.44
522.95
522.25
518.74
525.31
458.74
459.87
462.69
459.94
465.43
458.13
455.8
448.37
439.02
444.76
445.87
477.6
478.43
475.43
483.31
483.93
481.85
484.69
483.43
482.88
485.35
475.95
483.11
482.29
482.65
488.1
492.27
493.59
486.18
476.57
469.39
462.83
473.07
477.56
473.44
477.12
472.9
466.89
465.02
473.18
474.45
476.22
470.1
474.09
484.28
487.22
492.55
484.28
485.12
487.11
497.01
499.21
502.09