192.17
190.26
192.72
201.36
201.13
205.71
203.26
196.21
194.95
195.54
192.82
195.74
197.95
193.89
198.89
196.59
194.54
199.25
200.7
208.36
203.8
205.02
212.28
208.74
214.35
212.8
212.71
216.58
222.88
226.63
226.65
228.68
230.37
228.93
232.76
233.14
229.15
238.83
236.17
242.06
237.42
237.68
234.64
237.07
238.15
235.42
234.85
235.42
235.01
230.71
225.94
220.66
223.35
217.76
218.46
218.94
222.13
222.11
227.61
224.19
220.22
219.39
221.3
223.75
227.05
229.05
225.06
224.92
223.29
220.52
231.15
232.93
227.46
228.97
230.26
225.04
226.09
227.03
220.55
218.16
213.44
210.71
207.89
205.74
207.86
201.45
197.12
198.38
202.88
204.61
201.7
202.61
211.48
214.1
208.91
206.84
208.18
210.05
207.09
199.5
195.78
197.93
186.4
192.73
190.83
188.39
187.83
186.38
184.71
189.7
189.07
188.99
187.53
186.89
187.69
187.54
188.82
186.65
185.17
182.72
180.8
186.51
181.96
184.76
185.13
186.33
187.97
191.16
192.53
193.96
193.88
191.6
189.87
186.43
186.88
184.89
186.49
187
184.52
179.55
175.4
171.39
177.89
173.33
176.25
178.5
172.12
170.8
173.12
175.5
177.04
176.13
180.11
178.88
178.22
177.06
177.59
170.1
170.23
166.8
166.94
165.8
162.77
161.93
161.02
167.9
184.07
186.98
181.71
183.2
182.5
179.85
180.83
186.41
182.55
183.13
183.75
187.93
193.02
192.72
194.49
195.05
199.79
199.34
199.29
200
197.59
200
197.2
193.25
197.85
193.61
186.34
185.57
189.08
186.1
182.81
184.06
183.66
183.83
186.89
187.23
187.06
184.3
185
181.28
179.34
178.34
176.44
179.32
182.02
182.15
180.75
181.05
183.13
183.15
183.54
184.7
183.63
185.99
187.07
186.57
187.48
189.5
188
188.76
188.7
186.21
184.72
179
175
180.96
179.62
173.67
176.59
179.54
177.23
174.63
179.22
181.28
183.32
183.62
186.13
189.05
185.95
185.67
185.19
185.07
180
182.41
180.69
180.97
