9.94
10.03
9.72
9.9
10.3
10.29
10.25
10
10.01
10.17
9.95
9.92
9.73
9.53
9.59
9.69
9.96
9.9
9.61
9.65
9.12
9.39
9.55
9.29
9.47
9.42
9.35
9.28
9.39
9.34
9.29
9.48
9.35
9.23
9.21
9.24
9.24
9.26
10.01
10.16
9.89
10.08
10.16
10.21
10.08
10.38
10.12
10.16
10.03
10.43
10.18
10.01
9.95
9.78
9.71
9.65
9.74
9.76
9.92
9.88
9.65
9.9
9.88
10.03
10.07
10.02
9.9
9.88
9.74
9.69
9.97
9.99
10.39
10.39
10.41
10.56
10.6
10.51
10.44
10.74
10.82
10.98
11.13
11.1
11.1
11.4
11.18
10.8
10.73
11.05
11.21
11.01
11.07
11.1
11.1
11.23
10.97
10.96
11.19
10.6
10.36
10.22
10.29
10.47
10.41
11.37
11.07
11.24
11.06
11.11
10.88
11.1
11.07
11.03
10.84
10.92
10.72
10.68
10.62
10.49
10.49
10.57
10.45
10.48
10.75
10.56
10.78
10.68
10.42
10.87
10.91
10.88
10.92
10.98
10.9
10.8
10.69
10.62
10.45
10.32
10.66
10.58
10.77
10.95
10.98
11.19
11.11
11.04
11.14
11.11
11.27
10.92
10.85
10.68
10.72
10.51
10.46
10.18
10.14
9.86
10.1
10.13
9.77
9.78
9.71
10.03
10.69
10.82
10.84
11.01
11.19
11.16
13.67
13.83
14.12
13.98
14.55
14.48
14.39
14.23
14.03
13.47
13.17
12.9
12.98
12.84
12.87
12.87
12.76
12.54
12.23
12.11
12.09
12.23
11.84
11.94
11.78
11.85
11.71
11.94
12.08
12.11
12.38
12.15
12.07
12.07
12.03
12.19
12.13
11.77
11.56
11.68
12.16
12.11
12.03
12.15
12.15
12.28
12.38
12.31
12.44
12.33
11.99
12.13
12.15
12.17
12.5
12.43
12.49
12.2
12.15
12.75
12.79
13.04
12.95
12.94
12.88
12.14
12.06
12.04
12.09
12.23
12.61
13.04
13.06
13.54
13.41
13.28
13.21
13.65
13.28
13.29
