158.88
156.23
156.06
164.08
167.14
172.79
169.93
166.25
165.05
166.28
162.67
166.57
167.62
164.73
169.00
165.98
167.81
175.75
174.21
174.99
172.61
168.66
172.22
170.21
174.7
177.37
181.19
181.58
186.64
187.13
185.8
186.87
187.88
185.43
187.07
188.2
187.14
193.31
193.3
207.71
202.64
205.6
202.63
197.18
197.07
193.77
201.9
199.58
200.03
199.63
197.55
194.41
196.98
191.05
192.29
193.17
195.39
196.71
197.96
193.13
190.63
190.44
192.69
194.04
197.1
197.57
195.99
192.96
189.7
190.15
197.12
198.16
191.38
193.63
196.71
186.53
177.1
176.49
174.31
176.09
173.02
172.98
170.49
170.82
170.62
169.43
166.57
169.24
177.33
179.58
176.8
173.89
177.35
180.49
183.32
181.97
179.86
182.28
178.33
171.41
170.68
172.65
172.69
176.14
171.14
168.34
166.99
164.53
164.48
166.82
165.8
165.05
164.51
166.74
166.9
166.35
164.52
163.18
163.06
165.7
164.39
168.56
167.21
167.31
168.42
167.19
165.29
163.83
162.99
163.64
163.07
164.64
163.24
160.81
160.28
158.99
158.37
155.54
152.15
150.01
149.54
152.13
158.6
157.81
158.61
165.11
163.4
164.5
166.38
167.93
167.43
165.49
167.63
168.96
168.4
164.74
163.17
162.03
165.93
163.95
165.39
163.84
160.75
160.54
160.64
168.4
172.45
173.15
171.86
171.13
168.68
169.16
174.37
183.6
183.35
179.39
179.22
182.62
185.5
188.19
186.78
187.3
192.66
190.44
190.48
191.96
187.39
186.61
184.49
183.42
186.86
185.37
185.58
180.79
180.26
177.71
176.45
178.78
178.37
176.74
179.56
178.19
176.63
175.95
178.35
177.07
175.13
174.42
173.96
173.56
177.4
178.02
176.33
175.06
178
179.54
178.46
177.29
175.43
173.88
171.93
170.9
170.29
171.58
171.16
172.98
169.83
168.99
168.46
165.57
164.64
167.9
173.69
157.95
161.1
159.92
157.95
155.72
157.46
156.88
156
156.33
159.19
160.79
157.66
158.14
156.14
153.94
151.94
156.37
155.87
156.5
