243.66
245.3
242.85
248.12
251.03
251.13
248.06
241.63
239.01
239.11
234.97
233.93
232.44
225.19
227.9
229.14
232.22
242.28
246.54
251.53
250.25
260.62
264.65
259.05
258.79
257.4
261.34
264.24
266.8
279.25
279.95
276.59
276.32
275.45
274.99
271.04
275.8
276.9
270.43
267.94
266.81
267.3
268.23
266.58
267.14
265.85
264.84
265.95
262.84
263.03
259.16
254.27
252.35
247.47
244.21
239.87
243.13
243.17
240.85
243.28
240
239.71
239.32
241.17
243.14
242.31
238.39
237.6
232.96
230.37
238.36
239.58
239.94
241.53
243.53
242.86
243.81
247.36
245.48
243.4
244.82
246.25
249.72
249.79
249.97
250.29
248.55
244.76
240.78
243.09
245.03
245.31
241.87
241.16
239.56
239.29
236.98
236.38
247.06
221.49
219.78
222.94
221.92
224.41
222.9
225.5
222.31
224.98
223.41
224.12
223
225.37
224.42
223.64
222.39
221.48
222.29
212.84
213.42
210.75
210.93
211.22
205.23
207.29
207.04
210.86
210.5
209.78
210.19
211.59
211.44
211.09
210.48
207.53
209.25
207.86
204.32
206.6
207.23
205.56
216.81
212.46
217.63
219.33
220.3
224.8
222.21
221.29
220.18
219.17
218.31
216.63
214.6
214.52
215.45
213.97
211.55
210.24
207.94
206.19
205.8
204.06
200.4
200.34
194.9
199.14
207.96
212.8
215.19
210.85
212.24
208.67
208.59
210.33
210.28
209.78
209.98
216.87
213.62
210.05
204.94
207.45
207.8
207.63
205.17
204.79
208.69
208.83
205.45
202.26
199.17
197.43
198.07
198.88
196.3
198.67
197
194.98
193.78
193.66
191.53
194.36
199.61
199.95
196.91
197.26
199.16
201.82
202.63
199.33
198.11
199.5
200.71
196.92
198.31
199.52
195.58
204.79
202.47
202.11
201.51
198.73
198.77
197.5
195.65
191.75
192
190.51
191.66
191.86
191.74
193.28
193.49
193.37
193.08
192.14
189.41
185.8
181.25
180.08
180.8
182.89
182.79
195.43
195.47
197.15
198.48
197.45
195.65
198.3
198.86
198.94
