313.63
312.37
307.09
312.69
313.58
306.92
305.67
305.44
307
306.92
303.6
303.97
299.83
297.5
299.4
306.76
317.25
321.29
310.37
307.45
305.77
304.29
308.33
309.95
304.27
310.72
307.57
304.81
303.05
301.94
304.83
308.55
310.02
307.6
310.21
308.42
294.3
294.36
288.83
289.77
290.05
288.7
290.32
290.11
291.15
293.09
285.46
284.43
281.35
282.61
280.95
279.74
282.3
281.58
283.63
282.31
286.9
289.34
292.18
294.78
292.51
289.89
289.6
293.62
294.8
293.99
291.29
292.68
290.23
290.88
296.08
297.71
296.6
296.63
296.1
300.71
301.37
298.98
299.47
295.09
294.5
292.44
296.01
295.08
296.33
296.19
290.28
288.47
290.91
290.73
291.1
292.63
298.56
297.35
298.65
301.53
298.97
294.66
294
297.32
292.85
295.21
292.11
291.52
295
296.79
292.61
301.58
298.57
314.69
314.89
316.56
314.7
312.92
313.34
309.84
305.04
304.04
303.83
301.9
300.85
303.76
303.45
303.76
302.98
304.51
303.69
303.65
300.47
300.27
299.06
296.83
293.85
292.03
293.75
296.69
296.53
292.35
290.23
291.27
291.29
289.51
287.97
288.03
285.52
288.66
287.86
287.05
289.64
288.68
289.52
289.21
289.71
285.63
287.55
278.49
274.87
271.15
270.31
269.46
267.91
271.19
269.37
270.06
268.45
276.69
268.75
265.4
266.44
261.42
252
251.46
253.37
254.05
259.54
257.28
259.52
261
257.27
251.53
253.9
254.8
250.49
245.82
247.85
251.09
250
247.79
249.99
254.84
258.17
257.83
257.38
260.38
259.39
253.8
250.79
253.51
253.58
253.7
254.48
254.28
253.81
256.21
260.72
259.99
262.72
259.75
258.89
252.07
249.37
253.54
258.11
257.93
265.77
265.87
267.87
272.38
273.51
273.87
270.66
271.32
275
267.95
268.49
267.5
269.3
270.32
273.28
274.43
273.04
273.55
273.09
275.6
276.75
276.88
275.58
271.99
270.98
269.95
265.43
266.23
267.39
268.62
268.67
269.44
267.56
266.69
270.09
275.54
277.74
280.22