382.19
375.39
378.8
390.58
389.97
395.16
393.08
391.26
386.84
387.82
383.52
388.7
388.56
378.77
383.27
380.45
380.16
393.31
396.89
401.02
388.61
388.49
396.99
392.53
399.73
397.9
404
408.21
416.13
414.77
409.64
408.43
410.54
409.04
411.44
412.22
409.75
415.82
413.29
412.37
410.92
415.06
414.99
442.33
447.2
434.56
444.06
446.71
446.2
428.5
429.03
424.58
426.31
415.67
417.19
418.95
424.56
422.37
427.85
423.35
418.58
421.5
424.83
430.53
438.11
439.33
435.25
436.6
437.03
437.39
454.46
451.59
447.27
449.56
448.99
443.33
446.02
443.57
442.62
437.42
431.2
430.98
423.46
422.99
427.99
418.79
417
412.87
415.49
417.79
415.76
415
426.89
425.2
423.03
418.01
422.54
425.43
420.18
411.46
408.46
410.37
406.35
432.53
431.95
426.59
428.15
424.73
424.6
427.51
418.78
418.16
416.72
416.12
418.74
419.14
416.32
415.84
417.46
414.71
409.54
416.06
416.54
417.13
420.69
430.3
428.02
431.31
432.11
429.17
433.51
435.27
438.69
430.81
435.15
431.34
430.59
427
423.04
414.2
405.72
401.7
408.39
408.9
409.44
417.14
413.12
410.6
413.84
413.49
416.79
415.55
424.14
424.8
421.53
418.47
421.03
416.86
414.01
406.81
406.02
402.69
398.43
399.61
395.15
408.49
417.11
418.35
422.92
426.73
425.27
418.4
428.9
444.85
442.94
437.11
440.37
443.52
449.52
453.96
453.55
454.7
466.25
459.54
466.24
467.56
460.77
459.28
456.73
446.95
452.85
452.16
450.95
447.67
449.78
445.7
446.34
448.37
442.57
441.58
441.06
432.68
427.87
423.85
424.52
424.01
416.07
413.52
415.13
414.67
429.17
430.32
430.16
427
430.52
429.04
425.34
420.21
420.99
423.08
416.56
413.72
414.74
412.32
410.54
409.34
413.54
406.66
397.84
394.94
389.33
402.25
406.32
399.04
409.06
407.57
400.96
399.12
404.27
411.84
414.58
413.64
421.9
427.93
423.26
426.28
424.59
425.52
417.88
420.45
421.44
424.57
