64.76
63.48
63.29
65.8
65.74
66.54
67.39
67.94
71.86
72.99
73.31
73.7
71.66
72.64
73.58
74.17
76.4
78.59
77.71
77.81
77.32
78.41
79.43
80.02
81.17
81.72
80.28
76.5
77.23
76.78
77.59
73.04
73.21
72.26
71.34
70.94
68.68
71.74
74.57
76.72
76.59
76.9
78.33
76.58
74.39
75.58
73.57
74.29
74.04
73.17
70.84
71.11
71.07
71.17
72.08
71.2
71.29
72.09
72
73.31
73.67
75.67
74.65
76.42
76.94
76.79
76.76
76.94
77.1
76.9
78
77.2
77.25
77.96
78.85
76.74
77.64
78.89
78.58
78.37
78.86
79.09
78.77
78.34
77.61
79.26
77.4
75.1
73.36
73.91
74.89
76.66
75.68
76.52
76.66
76.6
75.88
75.92
75.32
77.98
77.19
78.06
77.13
76.45
78.4
78.91
78.85
79.04
80.05
81.42
81.48
82.92
83.4
83.94
82.12
81.6
82.15
82.1
82.45
80.77
80.83
82.25
82.1
83.1
89.13
88.4
89.44
89.39
88
87.46
86.2
86.52
80.98
80.9
80.64
79.8
79.01
78.4
78.4
78.09
79.49
80.63
80.83
81.02
81.32
83.32
83.26
82.79
85.29
84.28
84.05
83.41
84
83.56
83.28
83.23
82.5
78.52
78.5
74.64
74.34
74.19
72.62
72.5
71.42
74.01
73.85
74.86
74.32
73.55
72.56
71.41
71.09
73.4
74.86
72.7
72.38
73.07
72.81
71.31
73.42
73.39
72.54
72.46
73.05
75.43
75.24
76.04
76.83
75.37
94.19
94.06
94.75
97.17
97.18
95.57
94.78
95
93.39
94.18
93.68
95.87
96
96.55
95.72
94.32
94.74
94.4
95.05
93.45
91.67
92
91.75
91.4
92.5
92.82
91.77
92.18
91.77
91.67
92.79
92.72
90.94
93.39
93.59
93.78
93.36
92.15
92.41
90.34
92.26
94.06
94.12
93.94
94.64
94.02
94.19
94.53
95.74
94.84
93.39
93.1
92
92
89
91
90
88.84
89.07
90.33
90.95
92.56
