268.46
259.16
263.55
273.13
272.06
288.14
278.39
248.71
236.26
235.86
225.31
238.01
249.98
240.68
248.09
230.58
222.15
262.67
263.45
279.1
272.04
284.65
292.98
281.95
290.8
302.8
330.53
337.8
354.4
360.56
354.11
355.84
355.94
336.51
328.5
350.73
361.62
374.32
378.17
392.21
383.68
404.6
400.28
389.1
398.09
397.15
406.58
412.38
415.11
424.07
426.5
413.82
428.22
396.36
403.31
394.74
394.94
394.36
411.05
410.44
379.28
403.84
417.41
431.66
454.13
462.28
430.6
421.06
436.17
440.13
479.86
463.02
436.23
418.1
424.77
400.99
389.79
389.22
369.49
357.93
351.42
357.09
345.16
332.89
338.23
338.59
352.56
339.64
342.03
346
338.74
320.72
311.18
330.24
328.49
350
321.22
296.91
288.53
251.44
242.84
248.98
249.85
257.55
259.52
262.51
269.19
260.48
213.65
217.97
218.85
220.7
220.89
221.33
219.57
219.16
217.8
238.77
241.05
244.5
240.83
250.08
240.66
249.02
258.02
261.63
260.46
254.22
257.02
254.27
250
238.25
243.92
227.2
227.87
226.78
230.29
229.81
228.13
226.17
216.27
210.73
230.17
219.41
210.6
214.11
206.28
205.75
209.21
213.21
220.32
210.66
223.27
221.1
222.72
216.12
214.14
201.38
207.83
197.49
200
198.84
191.76
200.64
198.88
207.67
216.86
232.07
222.62
232.1
219.8
220.25
215.99
246.38
251.51
239.2
249.23
248.5
256.56
252.64
248.23
241.03
263.26
262.33
252.94
251.52
246.39
231.26
209.86
197.88
197.42
196.37
187.35
182.58
183.01
181.57
184.86
187.44
178.01
182.47
177.29
170.66
173.79
177.48
177.94
175
174.77
176.29
178.08
178.79
176.19
176.75
179.24
173.74
180.11
186.6
174.95
177.46
174.84
173.99
177.55
171.89
168.47
171.97
174.72
177.81
184.76
181.19
180.01
179.99
183.28
194.05
168.29
170.18
162.13
144.68
142.05
147.05
149.93
155.45
157.11
161.48
171.05
174.6
171.76
176.88
172.98
164.9
171.11
168.38
166.63
175.22
